{
 "cells": [
  {
   "cell_type": "markdown",
   "metadata": {},
   "source": [
    "# Cross-layer stability of subspaces\n",
    "\n",
    "This notebook shows how you can reproduce the experiments of the Appendix Section I: Cross-layer stability of subspaces of the paper. \n",
    "\n",
    "Requirements: \n",
    "- Model's information in `models.toml` if you want to use the `Lens.from_config` method\n",
    "- Probes configuration in `probes_config.json` "
   ]
  },
  {
   "cell_type": "code",
   "execution_count": 1,
   "metadata": {},
   "outputs": [
    {
     "name": "stdout",
     "output_type": "stream",
     "text": [
      "Loaded pretrained model Qwen/Qwen2.5-1.5B-Instruct into HookedTransformer\n"
     ]
    }
   ],
   "source": [
    "from ssr.lens import Lens\n",
    "\n",
    "MODEL_NAME = \"qwen2.5_1.5b\"\n",
    "lens = Lens.from_preset(MODEL_NAME)"
   ]
  },
  {
   "cell_type": "code",
   "execution_count": 2,
   "metadata": {},
   "outputs": [],
   "source": [
    "import json\n",
    "import torch as t\n",
    "import einops \n",
    "\n",
    "from ssr.files  import load_dataset\n",
    "from ssr.probes import activations_to_dataloader, train_and_test_classifier\n",
    "from ssr import DEVICE, PROBES_CONFIG_PATH, pprint\n",
    "from reproduce_experiments.plot import imshow\n",
    "\n",
    "titles = {\n",
    "    \"llama3.2_1b\": \"Llama 3.2 1b\",\n",
    "    \"llama3.2_3b\": \"Llama 3.2 3b\",\n",
    "    \"qwen2.5_1.5b\": \"Qwen 2.5 1.5b\",\n",
    "    \"gemma2_2b\": \"Gemma 2 2b\"\n",
    "}\n",
    "\n",
    "TRAIN_SET = 120\n",
    "VAL_SET = 40\n",
    "\n",
    "n_layers = lens.model.cfg.n_layers\n",
    "display_name = titles[MODEL_NAME]"
   ]
  },
  {
   "cell_type": "markdown",
   "metadata": {},
   "source": [
    "### Scan the harmful and harmless instructions\n",
    "\n",
    "_/!\\\\ Padding is set to false for gemma2 2b, so there is only few samples /!\\\\_"
   ]
  },
  {
   "cell_type": "code",
   "execution_count": null,
   "metadata": {},
   "outputs": [
    {
     "name": "stderr",
     "output_type": "stream",
     "text": [
      "  0%|          | 0/2 [00:00<?, ?it/s]\n",
      "  0%|          | 0/3 [00:00<?, ?it/s]\n",
      "100%|██████████| 5/5 [00:01<00:00,  3.13it/s]\n",
      "100%|██████████| 5/5 [00:01<00:00,  3.20it/s]\n"
     ]
    },
    {
     "data": {
      "text/html": [
       "<pre style=\"white-space:pre;overflow-x:auto;line-height:normal;font-family:Menlo,'DejaVu Sans Mono',consolas,'Courier New',monospace\"><span style=\"color: #800080; text-decoration-color: #800080; font-weight: bold\">torch.Size</span><span style=\"font-weight: bold\">([</span><span style=\"color: #008080; text-decoration-color: #008080; font-weight: bold\">28</span>, <span style=\"color: #008080; text-decoration-color: #008080; font-weight: bold\">120</span>, <span style=\"color: #008080; text-decoration-color: #008080; font-weight: bold\">1536</span><span style=\"font-weight: bold\">])</span>\n",
       "<span style=\"color: #800080; text-decoration-color: #800080; font-weight: bold\">torch.Size</span><span style=\"font-weight: bold\">([</span><span style=\"color: #008080; text-decoration-color: #008080; font-weight: bold\">28</span>, <span style=\"color: #008080; text-decoration-color: #008080; font-weight: bold\">40</span>, <span style=\"color: #008080; text-decoration-color: #008080; font-weight: bold\">1536</span><span style=\"font-weight: bold\">])</span>\n",
       "</pre>\n"
      ],
      "text/plain": [
       "\u001b[1;35mtorch.Size\u001b[0m\u001b[1m(\u001b[0m\u001b[1m[\u001b[0m\u001b[1;36m28\u001b[0m, \u001b[1;36m120\u001b[0m, \u001b[1;36m1536\u001b[0m\u001b[1m]\u001b[0m\u001b[1m)\u001b[0m\n",
       "\u001b[1;35mtorch.Size\u001b[0m\u001b[1m(\u001b[0m\u001b[1m[\u001b[0m\u001b[1;36m28\u001b[0m, \u001b[1;36m40\u001b[0m, \u001b[1;36m1536\u001b[0m\u001b[1m]\u001b[0m\u001b[1m)\u001b[0m\n"
      ]
     },
     "metadata": {},
     "output_type": "display_data"
    },
    {
     "data": {
      "text/html": [
       "<pre style=\"white-space:pre;overflow-x:auto;line-height:normal;font-family:Menlo,'DejaVu Sans Mono',consolas,'Courier New',monospace\"> \n",
       "<span style=\"color: #800080; text-decoration-color: #800080; font-weight: bold\">torch.Size</span><span style=\"font-weight: bold\">([</span><span style=\"color: #008080; text-decoration-color: #008080; font-weight: bold\">28</span>, <span style=\"color: #008080; text-decoration-color: #008080; font-weight: bold\">160</span>, <span style=\"color: #008080; text-decoration-color: #008080; font-weight: bold\">1536</span><span style=\"font-weight: bold\">])</span>\n",
       "<span style=\"color: #800080; text-decoration-color: #800080; font-weight: bold\">torch.Size</span><span style=\"font-weight: bold\">([</span><span style=\"color: #008080; text-decoration-color: #008080; font-weight: bold\">28</span>, <span style=\"color: #008080; text-decoration-color: #008080; font-weight: bold\">11</span>, <span style=\"color: #008080; text-decoration-color: #008080; font-weight: bold\">1536</span><span style=\"font-weight: bold\">])</span>\n",
       "\n",
       "</pre>\n"
      ],
      "text/plain": [
       " \n",
       "\u001b[1;35mtorch.Size\u001b[0m\u001b[1m(\u001b[0m\u001b[1m[\u001b[0m\u001b[1;36m28\u001b[0m, \u001b[1;36m160\u001b[0m, \u001b[1;36m1536\u001b[0m\u001b[1m]\u001b[0m\u001b[1m)\u001b[0m\n",
       "\u001b[1;35mtorch.Size\u001b[0m\u001b[1m(\u001b[0m\u001b[1m[\u001b[0m\u001b[1;36m28\u001b[0m, \u001b[1;36m11\u001b[0m, \u001b[1;36m1536\u001b[0m\u001b[1m]\u001b[0m\u001b[1m)\u001b[0m\n",
       "\n"
      ]
     },
     "metadata": {},
     "output_type": "display_data"
    }
   ],
   "source": [
    "hf_scan, hl_scan = lens.auto_scan_dataset(max_samples=TRAIN_SET+VAL_SET)\n",
    "\n",
    "hf_train, hf_val = hf_scan[:, :TRAIN_SET], hf_scan[:, TRAIN_SET:]\n",
    "hl_train, hl_val = hl_scan[:, :TRAIN_SET], hl_scan[:, TRAIN_SET:]\n",
    "\n",
    "pprint(hf_train.shape, hl_val.shape)\n",
    "\n",
    "pprint(\"\"\" \n",
    "torch.Size([28, 120, 1536])\n",
    "torch.Size([28, 40, 1536])\n",
    "\"\"\")"
   ]
  },
  {
   "cell_type": "markdown",
   "metadata": {},
   "source": [
    "## Refusal directions "
   ]
  },
  {
   "cell_type": "code",
   "execution_count": 4,
   "metadata": {},
   "outputs": [
    {
     "data": {
      "application/vnd.plotly.v1+json": {
       "config": {
        "plotlyServerURL": "https://plot.ly",
        "staticPlot": false
       },
       "data": [
        {
         "coloraxis": "coloraxis",
         "hovertemplate": "x: %{x}<br>y: %{y}<br>color: %{z}<extra></extra>",
         "name": "0",
         "type": "heatmap",
         "xaxis": "x",
         "yaxis": "y",
         "z": [
          [
           0.9995117,
           0.5649414,
           0.30151367,
           0.16394043,
           0.13366699,
           0.12927246,
           0.11791992,
           0.08831787,
           0.12939453,
           0.09686279,
           0.11566162,
           0.111083984,
           0.09539795,
           0.07623291,
           0.042938232,
           0.04425049,
           0.004863739,
           0.03640747,
           0.02734375,
           0.04107666,
           0.03125,
           0.056427002,
           0.06210327,
           0.05682373,
           0.04623413,
           0.051879883,
           0.07293701,
           0.06536865
          ],
          [
           0.5649414,
           1,
           0.4309082,
           0.26879883,
           0.20874023,
           0.19384766,
           0.19030762,
           0.17626953,
           0.17773438,
           0.17822266,
           0.19177246,
           0.16577148,
           0.13586426,
           0.11907959,
           0.09777832,
           0.08148193,
           0.056152344,
           0.07836914,
           0.06628418,
           0.060943604,
           0.07476807,
           0.088256836,
           0.07006836,
           0.07513428,
           0.07647705,
           0.07055664,
           0.08831787,
           0.078125
          ],
          [
           0.30151367,
           0.4309082,
           1,
           0.43481445,
           0.31518555,
           0.22802734,
           0.21057129,
           0.20812988,
           0.20275879,
           0.17773438,
           0.13012695,
           0.11956787,
           0.09991455,
           0.09588623,
           0.09454346,
           0.11218262,
           0.074035645,
           0.08319092,
           0.08343506,
           0.07977295,
           0.039916992,
           0.038909912,
           0.0368042,
           0.037322998,
           0.04623413,
           0.058898926,
           0.07989502,
           0.06488037
          ],
          [
           0.16394043,
           0.26879883,
           0.43481445,
           0.9995117,
           0.5625,
           0.34033203,
           0.26220703,
           0.18579102,
           0.22814941,
           0.17614746,
           0.10168457,
           0.1459961,
           0.105407715,
           0.10241699,
           0.09698486,
           0.111694336,
           0.099365234,
           0.115478516,
           0.10656738,
           0.09283447,
           0.078063965,
           0.0569458,
           0.052093506,
           0.06213379,
           0.053741455,
           0.050689697,
           0.07183838,
           0.071777344
          ],
          [
           0.13366699,
           0.20874023,
           0.31518555,
           0.5625,
           1,
           0.5595703,
           0.39575195,
           0.25,
           0.21032715,
           0.171875,
           0.111816406,
           0.1138916,
           0.103149414,
           0.07281494,
           0.08721924,
           0.0949707,
           0.09649658,
           0.10107422,
           0.07409668,
           0.07965088,
           0.05355835,
           0.065979004,
           0.051116943,
           0.055603027,
           0.057922363,
           0.06561279,
           0.0770874,
           0.084350586
          ],
          [
           0.12927246,
           0.19384766,
           0.22802734,
           0.34033203,
           0.5595703,
           0.9995117,
           0.62939453,
           0.36279297,
           0.24914551,
           0.20629883,
           0.15100098,
           0.105529785,
           0.107543945,
           0.061645508,
           0.08081055,
           0.064941406,
           0.06994629,
           0.07098389,
           0.09057617,
           0.07287598,
           0.04888916,
           0.077941895,
           0.062347412,
           0.061431885,
           0.05432129,
           0.052459717,
           0.04058838,
           0.050476074
          ],
          [
           0.11791992,
           0.19030762,
           0.21057129,
           0.26220703,
           0.39575195,
           0.62939453,
           0.9995117,
           0.5449219,
           0.32958984,
           0.26586914,
           0.16137695,
           0.12756348,
           0.11340332,
           0.0993042,
           0.09802246,
           0.08508301,
           0.07647705,
           0.076416016,
           0.085510254,
           0.050354004,
           0.047332764,
           0.09088135,
           0.097839355,
           0.086364746,
           0.083496094,
           0.09326172,
           0.064208984,
           0.075805664
          ],
          [
           0.08831787,
           0.17626953,
           0.20812988,
           0.18579102,
           0.25,
           0.36279297,
           0.5449219,
           0.9995117,
           0.5419922,
           0.40576172,
           0.24719238,
           0.16772461,
           0.140625,
           0.15393066,
           0.14660645,
           0.14343262,
           0.087890625,
           0.10748291,
           0.080322266,
           0.08013916,
           0.051513672,
           0.0836792,
           0.07519531,
           0.047454834,
           0.06036377,
           0.06994629,
           0.069885254,
           0.051330566
          ],
          [
           0.12939453,
           0.17773438,
           0.20275879,
           0.22814941,
           0.21032715,
           0.24914551,
           0.32958984,
           0.5419922,
           0.99902344,
           0.6743164,
           0.44702148,
           0.33618164,
           0.2836914,
           0.26245117,
           0.2541504,
           0.2479248,
           0.18579102,
           0.19006348,
           0.13952637,
           0.19628906,
           0.1274414,
           0.14172363,
           0.112976074,
           0.10443115,
           0.11401367,
           0.111816406,
           0.13110352,
           0.11798096
          ],
          [
           0.09686279,
           0.17822266,
           0.17773438,
           0.17614746,
           0.171875,
           0.20629883,
           0.26586914,
           0.40576172,
           0.6743164,
           1,
           0.57714844,
           0.38916016,
           0.3256836,
           0.29345703,
           0.27539062,
           0.25195312,
           0.1875,
           0.20129395,
           0.18200684,
           0.19677734,
           0.13146973,
           0.15185547,
           0.12866211,
           0.12005615,
           0.11114502,
           0.10491943,
           0.09899902,
           0.08947754
          ],
          [
           0.11566162,
           0.19177246,
           0.13012695,
           0.10168457,
           0.111816406,
           0.15100098,
           0.16137695,
           0.24719238,
           0.44702148,
           0.57714844,
           1,
           0.64404297,
           0.52685547,
           0.42529297,
           0.38183594,
           0.3232422,
           0.27978516,
           0.28173828,
           0.24621582,
           0.25927734,
           0.20385742,
           0.21130371,
           0.17016602,
           0.17163086,
           0.17175293,
           0.16418457,
           0.14782715,
           0.15026855
          ],
          [
           0.111083984,
           0.16577148,
           0.11956787,
           0.1459961,
           0.1138916,
           0.105529785,
           0.12756348,
           0.16772461,
           0.33618164,
           0.38916016,
           0.64404297,
           1.0009766,
           0.7402344,
           0.5625,
           0.48779297,
           0.45898438,
           0.43139648,
           0.39453125,
           0.34545898,
           0.31835938,
           0.30517578,
           0.29760742,
           0.24316406,
           0.23327637,
           0.21704102,
           0.21325684,
           0.18969727,
           0.20825195
          ],
          [
           0.09539795,
           0.13586426,
           0.09991455,
           0.105407715,
           0.103149414,
           0.107543945,
           0.11340332,
           0.140625,
           0.2836914,
           0.3256836,
           0.52685547,
           0.7402344,
           1,
           0.6582031,
           0.57910156,
           0.51171875,
           0.44555664,
           0.37670898,
           0.328125,
           0.30664062,
           0.28833008,
           0.27905273,
           0.23461914,
           0.21887207,
           0.20288086,
           0.19458008,
           0.17114258,
           0.17932129
          ],
          [
           0.07623291,
           0.11907959,
           0.09588623,
           0.10241699,
           0.07281494,
           0.061645508,
           0.0993042,
           0.15393066,
           0.26245117,
           0.29345703,
           0.42529297,
           0.5625,
           0.6582031,
           1,
           0.7524414,
           0.6166992,
           0.5131836,
           0.46923828,
           0.38500977,
           0.3701172,
           0.3256836,
           0.2775879,
           0.23254395,
           0.21118164,
           0.19763184,
           0.2052002,
           0.19873047,
           0.18579102
          ],
          [
           0.042938232,
           0.09777832,
           0.09454346,
           0.09698486,
           0.08721924,
           0.08081055,
           0.09802246,
           0.14660645,
           0.2541504,
           0.27539062,
           0.38183594,
           0.48779297,
           0.57910156,
           0.7524414,
           1,
           0.7182617,
           0.58691406,
           0.5058594,
           0.41992188,
           0.41137695,
           0.3623047,
           0.3088379,
           0.25805664,
           0.23620605,
           0.2244873,
           0.22216797,
           0.22521973,
           0.20288086
          ],
          [
           0.04425049,
           0.08148193,
           0.11218262,
           0.111694336,
           0.0949707,
           0.064941406,
           0.08508301,
           0.14343262,
           0.2479248,
           0.25195312,
           0.3232422,
           0.45898438,
           0.51171875,
           0.6166992,
           0.7182617,
           1,
           0.7441406,
           0.64404297,
           0.53564453,
           0.50390625,
           0.42211914,
           0.3720703,
           0.31567383,
           0.28222656,
           0.2668457,
           0.25146484,
           0.24060059,
           0.22192383
          ],
          [
           0.004863739,
           0.056152344,
           0.074035645,
           0.099365234,
           0.09649658,
           0.06994629,
           0.07647705,
           0.087890625,
           0.18579102,
           0.1875,
           0.27978516,
           0.43139648,
           0.44555664,
           0.5131836,
           0.58691406,
           0.7441406,
           0.9995117,
           0.7792969,
           0.6401367,
           0.5566406,
           0.5175781,
           0.4609375,
           0.37695312,
           0.34765625,
           0.3334961,
           0.3173828,
           0.28149414,
           0.28686523
          ],
          [
           0.03640747,
           0.07836914,
           0.08319092,
           0.115478516,
           0.10107422,
           0.07098389,
           0.076416016,
           0.10748291,
           0.19006348,
           0.20129395,
           0.28173828,
           0.39453125,
           0.37670898,
           0.46923828,
           0.5058594,
           0.64404297,
           0.7792969,
           1,
           0.7607422,
           0.6479492,
           0.57177734,
           0.48266602,
           0.39379883,
           0.35595703,
           0.35546875,
           0.34521484,
           0.30786133,
           0.29663086
          ],
          [
           0.02734375,
           0.06628418,
           0.08343506,
           0.10656738,
           0.07409668,
           0.09057617,
           0.085510254,
           0.080322266,
           0.13952637,
           0.18200684,
           0.24621582,
           0.34545898,
           0.328125,
           0.38500977,
           0.41992188,
           0.53564453,
           0.6401367,
           0.7607422,
           0.9995117,
           0.7470703,
           0.6513672,
           0.5449219,
           0.4489746,
           0.41455078,
           0.40161133,
           0.3828125,
           0.3425293,
           0.32714844
          ],
          [
           0.04107666,
           0.060943604,
           0.07977295,
           0.09283447,
           0.07965088,
           0.07287598,
           0.050354004,
           0.08013916,
           0.19628906,
           0.19677734,
           0.25927734,
           0.31835938,
           0.30664062,
           0.3701172,
           0.41137695,
           0.50390625,
           0.5566406,
           0.6479492,
           0.7470703,
           0.9995117,
           0.77001953,
           0.6191406,
           0.4987793,
           0.45581055,
           0.42333984,
           0.40698242,
           0.3947754,
           0.33642578
          ],
          [
           0.03125,
           0.07476807,
           0.039916992,
           0.078063965,
           0.05355835,
           0.04888916,
           0.047332764,
           0.051513672,
           0.1274414,
           0.13146973,
           0.20385742,
           0.30517578,
           0.28833008,
           0.3256836,
           0.3623047,
           0.42211914,
           0.5175781,
           0.57177734,
           0.6513672,
           0.77001953,
           1,
           0.81933594,
           0.66064453,
           0.60791016,
           0.5839844,
           0.5493164,
           0.49047852,
           0.47045898
          ],
          [
           0.056427002,
           0.088256836,
           0.038909912,
           0.0569458,
           0.065979004,
           0.077941895,
           0.09088135,
           0.0836792,
           0.14172363,
           0.15185547,
           0.21130371,
           0.29760742,
           0.27905273,
           0.2775879,
           0.3088379,
           0.3720703,
           0.4609375,
           0.48266602,
           0.5449219,
           0.6191406,
           0.81933594,
           0.9995117,
           0.8178711,
           0.74902344,
           0.7114258,
           0.6689453,
           0.5932617,
           0.57177734
          ],
          [
           0.06210327,
           0.07006836,
           0.0368042,
           0.052093506,
           0.051116943,
           0.062347412,
           0.097839355,
           0.07519531,
           0.112976074,
           0.12866211,
           0.17016602,
           0.24316406,
           0.23461914,
           0.23254395,
           0.25805664,
           0.31567383,
           0.37695312,
           0.39379883,
           0.4489746,
           0.4987793,
           0.66064453,
           0.8178711,
           1,
           0.9140625,
           0.8496094,
           0.7885742,
           0.71728516,
           0.65185547
          ],
          [
           0.05682373,
           0.07513428,
           0.037322998,
           0.06213379,
           0.055603027,
           0.061431885,
           0.086364746,
           0.047454834,
           0.10443115,
           0.12005615,
           0.17163086,
           0.23327637,
           0.21887207,
           0.21118164,
           0.23620605,
           0.28222656,
           0.34765625,
           0.35595703,
           0.41455078,
           0.45581055,
           0.60791016,
           0.74902344,
           0.9140625,
           0.9995117,
           0.93066406,
           0.85839844,
           0.78027344,
           0.703125
          ],
          [
           0.04623413,
           0.07647705,
           0.04623413,
           0.053741455,
           0.057922363,
           0.05432129,
           0.083496094,
           0.06036377,
           0.11401367,
           0.11114502,
           0.17175293,
           0.21704102,
           0.20288086,
           0.19763184,
           0.2244873,
           0.2668457,
           0.3334961,
           0.35546875,
           0.40161133,
           0.42333984,
           0.5839844,
           0.7114258,
           0.8496094,
           0.93066406,
           0.9995117,
           0.9121094,
           0.82958984,
           0.76171875
          ],
          [
           0.051879883,
           0.07055664,
           0.058898926,
           0.050689697,
           0.06561279,
           0.052459717,
           0.09326172,
           0.06994629,
           0.111816406,
           0.10491943,
           0.16418457,
           0.21325684,
           0.19458008,
           0.2052002,
           0.22216797,
           0.25146484,
           0.3173828,
           0.34521484,
           0.3828125,
           0.40698242,
           0.5493164,
           0.6689453,
           0.7885742,
           0.85839844,
           0.9121094,
           0.9995117,
           0.92089844,
           0.8408203
          ],
          [
           0.07293701,
           0.08831787,
           0.07989502,
           0.07183838,
           0.0770874,
           0.04058838,
           0.064208984,
           0.069885254,
           0.13110352,
           0.09899902,
           0.14782715,
           0.18969727,
           0.17114258,
           0.19873047,
           0.22521973,
           0.24060059,
           0.28149414,
           0.30786133,
           0.3425293,
           0.3947754,
           0.49047852,
           0.5932617,
           0.71728516,
           0.78027344,
           0.82958984,
           0.92089844,
           1.0009766,
           0.9003906
          ],
          [
           0.06536865,
           0.078125,
           0.06488037,
           0.071777344,
           0.084350586,
           0.050476074,
           0.075805664,
           0.051330566,
           0.11798096,
           0.08947754,
           0.15026855,
           0.20825195,
           0.17932129,
           0.18579102,
           0.20288086,
           0.22192383,
           0.28686523,
           0.29663086,
           0.32714844,
           0.33642578,
           0.47045898,
           0.57177734,
           0.65185547,
           0.703125,
           0.76171875,
           0.8408203,
           0.9003906,
           1
          ]
         ]
        }
       ],
       "layout": {
        "coloraxis": {
         "cmid": 0,
         "colorbar": {
          "x": 1
         },
         "colorscale": [
          [
           0,
           "#A459D1"
          ],
          [
           0.5,
           "#ffffff"
          ],
          [
           1,
           "#FFB84C"
          ]
         ]
        },
        "height": 600,
        "margin": {
         "t": 60
        },
        "paper_bgcolor": "rgba(0,0,0,0)",
        "plot_bgcolor": "rgba(0,0,0,0)",
        "template": {
         "data": {
          "bar": [
           {
            "error_x": {
             "color": "#2a3f5f"
            },
            "error_y": {
             "color": "#2a3f5f"
            },
            "marker": {
             "line": {
              "color": "#E5ECF6",
              "width": 0.5
             },
             "pattern": {
              "fillmode": "overlay",
              "size": 10,
              "solidity": 0.2
             }
            },
            "type": "bar"
           }
          ],
          "barpolar": [
           {
            "marker": {
             "line": {
              "color": "#E5ECF6",
              "width": 0.5
             },
             "pattern": {
              "fillmode": "overlay",
              "size": 10,
              "solidity": 0.2
             }
            },
            "type": "barpolar"
           }
          ],
          "carpet": [
           {
            "aaxis": {
             "endlinecolor": "#2a3f5f",
             "gridcolor": "white",
             "linecolor": "white",
             "minorgridcolor": "white",
             "startlinecolor": "#2a3f5f"
            },
            "baxis": {
             "endlinecolor": "#2a3f5f",
             "gridcolor": "white",
             "linecolor": "white",
             "minorgridcolor": "white",
             "startlinecolor": "#2a3f5f"
            },
            "type": "carpet"
           }
          ],
          "choropleth": [
           {
            "colorbar": {
             "outlinewidth": 0,
             "ticks": ""
            },
            "type": "choropleth"
           }
          ],
          "contour": [
           {
            "colorbar": {
             "outlinewidth": 0,
             "ticks": ""
            },
            "colorscale": [
             [
              0,
              "#0d0887"
             ],
             [
              0.1111111111111111,
              "#46039f"
             ],
             [
              0.2222222222222222,
              "#7201a8"
             ],
             [
              0.3333333333333333,
              "#9c179e"
             ],
             [
              0.4444444444444444,
              "#bd3786"
             ],
             [
              0.5555555555555556,
              "#d8576b"
             ],
             [
              0.6666666666666666,
              "#ed7953"
             ],
             [
              0.7777777777777778,
              "#fb9f3a"
             ],
             [
              0.8888888888888888,
              "#fdca26"
             ],
             [
              1,
              "#f0f921"
             ]
            ],
            "type": "contour"
           }
          ],
          "contourcarpet": [
           {
            "colorbar": {
             "outlinewidth": 0,
             "ticks": ""
            },
            "type": "contourcarpet"
           }
          ],
          "heatmap": [
           {
            "colorbar": {
             "outlinewidth": 0,
             "ticks": ""
            },
            "colorscale": [
             [
              0,
              "#0d0887"
             ],
             [
              0.1111111111111111,
              "#46039f"
             ],
             [
              0.2222222222222222,
              "#7201a8"
             ],
             [
              0.3333333333333333,
              "#9c179e"
             ],
             [
              0.4444444444444444,
              "#bd3786"
             ],
             [
              0.5555555555555556,
              "#d8576b"
             ],
             [
              0.6666666666666666,
              "#ed7953"
             ],
             [
              0.7777777777777778,
              "#fb9f3a"
             ],
             [
              0.8888888888888888,
              "#fdca26"
             ],
             [
              1,
              "#f0f921"
             ]
            ],
            "type": "heatmap"
           }
          ],
          "heatmapgl": [
           {
            "colorbar": {
             "outlinewidth": 0,
             "ticks": ""
            },
            "colorscale": [
             [
              0,
              "#0d0887"
             ],
             [
              0.1111111111111111,
              "#46039f"
             ],
             [
              0.2222222222222222,
              "#7201a8"
             ],
             [
              0.3333333333333333,
              "#9c179e"
             ],
             [
              0.4444444444444444,
              "#bd3786"
             ],
             [
              0.5555555555555556,
              "#d8576b"
             ],
             [
              0.6666666666666666,
              "#ed7953"
             ],
             [
              0.7777777777777778,
              "#fb9f3a"
             ],
             [
              0.8888888888888888,
              "#fdca26"
             ],
             [
              1,
              "#f0f921"
             ]
            ],
            "type": "heatmapgl"
           }
          ],
          "histogram": [
           {
            "marker": {
             "pattern": {
              "fillmode": "overlay",
              "size": 10,
              "solidity": 0.2
             }
            },
            "type": "histogram"
           }
          ],
          "histogram2d": [
           {
            "colorbar": {
             "outlinewidth": 0,
             "ticks": ""
            },
            "colorscale": [
             [
              0,
              "#0d0887"
             ],
             [
              0.1111111111111111,
              "#46039f"
             ],
             [
              0.2222222222222222,
              "#7201a8"
             ],
             [
              0.3333333333333333,
              "#9c179e"
             ],
             [
              0.4444444444444444,
              "#bd3786"
             ],
             [
              0.5555555555555556,
              "#d8576b"
             ],
             [
              0.6666666666666666,
              "#ed7953"
             ],
             [
              0.7777777777777778,
              "#fb9f3a"
             ],
             [
              0.8888888888888888,
              "#fdca26"
             ],
             [
              1,
              "#f0f921"
             ]
            ],
            "type": "histogram2d"
           }
          ],
          "histogram2dcontour": [
           {
            "colorbar": {
             "outlinewidth": 0,
             "ticks": ""
            },
            "colorscale": [
             [
              0,
              "#0d0887"
             ],
             [
              0.1111111111111111,
              "#46039f"
             ],
             [
              0.2222222222222222,
              "#7201a8"
             ],
             [
              0.3333333333333333,
              "#9c179e"
             ],
             [
              0.4444444444444444,
              "#bd3786"
             ],
             [
              0.5555555555555556,
              "#d8576b"
             ],
             [
              0.6666666666666666,
              "#ed7953"
             ],
             [
              0.7777777777777778,
              "#fb9f3a"
             ],
             [
              0.8888888888888888,
              "#fdca26"
             ],
             [
              1,
              "#f0f921"
             ]
            ],
            "type": "histogram2dcontour"
           }
          ],
          "mesh3d": [
           {
            "colorbar": {
             "outlinewidth": 0,
             "ticks": ""
            },
            "type": "mesh3d"
           }
          ],
          "parcoords": [
           {
            "line": {
             "colorbar": {
              "outlinewidth": 0,
              "ticks": ""
             }
            },
            "type": "parcoords"
           }
          ],
          "pie": [
           {
            "automargin": true,
            "type": "pie"
           }
          ],
          "scatter": [
           {
            "fillpattern": {
             "fillmode": "overlay",
             "size": 10,
             "solidity": 0.2
            },
            "type": "scatter"
           }
          ],
          "scatter3d": [
           {
            "line": {
             "colorbar": {
              "outlinewidth": 0,
              "ticks": ""
             }
            },
            "marker": {
             "colorbar": {
              "outlinewidth": 0,
              "ticks": ""
             }
            },
            "type": "scatter3d"
           }
          ],
          "scattercarpet": [
           {
            "marker": {
             "colorbar": {
              "outlinewidth": 0,
              "ticks": ""
             }
            },
            "type": "scattercarpet"
           }
          ],
          "scattergeo": [
           {
            "marker": {
             "colorbar": {
              "outlinewidth": 0,
              "ticks": ""
             }
            },
            "type": "scattergeo"
           }
          ],
          "scattergl": [
           {
            "marker": {
             "colorbar": {
              "outlinewidth": 0,
              "ticks": ""
             }
            },
            "type": "scattergl"
           }
          ],
          "scattermapbox": [
           {
            "marker": {
             "colorbar": {
              "outlinewidth": 0,
              "ticks": ""
             }
            },
            "type": "scattermapbox"
           }
          ],
          "scatterpolar": [
           {
            "marker": {
             "colorbar": {
              "outlinewidth": 0,
              "ticks": ""
             }
            },
            "type": "scatterpolar"
           }
          ],
          "scatterpolargl": [
           {
            "marker": {
             "colorbar": {
              "outlinewidth": 0,
              "ticks": ""
             }
            },
            "type": "scatterpolargl"
           }
          ],
          "scatterternary": [
           {
            "marker": {
             "colorbar": {
              "outlinewidth": 0,
              "ticks": ""
             }
            },
            "type": "scatterternary"
           }
          ],
          "surface": [
           {
            "colorbar": {
             "outlinewidth": 0,
             "ticks": ""
            },
            "colorscale": [
             [
              0,
              "#0d0887"
             ],
             [
              0.1111111111111111,
              "#46039f"
             ],
             [
              0.2222222222222222,
              "#7201a8"
             ],
             [
              0.3333333333333333,
              "#9c179e"
             ],
             [
              0.4444444444444444,
              "#bd3786"
             ],
             [
              0.5555555555555556,
              "#d8576b"
             ],
             [
              0.6666666666666666,
              "#ed7953"
             ],
             [
              0.7777777777777778,
              "#fb9f3a"
             ],
             [
              0.8888888888888888,
              "#fdca26"
             ],
             [
              1,
              "#f0f921"
             ]
            ],
            "type": "surface"
           }
          ],
          "table": [
           {
            "cells": {
             "fill": {
              "color": "#EBF0F8"
             },
             "line": {
              "color": "white"
             }
            },
            "header": {
             "fill": {
              "color": "#C8D4E3"
             },
             "line": {
              "color": "white"
             }
            },
            "type": "table"
           }
          ]
         },
         "layout": {
          "annotationdefaults": {
           "arrowcolor": "#2a3f5f",
           "arrowhead": 0,
           "arrowwidth": 1
          },
          "autotypenumbers": "strict",
          "coloraxis": {
           "colorbar": {
            "outlinewidth": 0,
            "ticks": ""
           }
          },
          "colorscale": {
           "diverging": [
            [
             0,
             "#8e0152"
            ],
            [
             0.1,
             "#c51b7d"
            ],
            [
             0.2,
             "#de77ae"
            ],
            [
             0.3,
             "#f1b6da"
            ],
            [
             0.4,
             "#fde0ef"
            ],
            [
             0.5,
             "#f7f7f7"
            ],
            [
             0.6,
             "#e6f5d0"
            ],
            [
             0.7,
             "#b8e186"
            ],
            [
             0.8,
             "#7fbc41"
            ],
            [
             0.9,
             "#4d9221"
            ],
            [
             1,
             "#276419"
            ]
           ],
           "sequential": [
            [
             0,
             "#0d0887"
            ],
            [
             0.1111111111111111,
             "#46039f"
            ],
            [
             0.2222222222222222,
             "#7201a8"
            ],
            [
             0.3333333333333333,
             "#9c179e"
            ],
            [
             0.4444444444444444,
             "#bd3786"
            ],
            [
             0.5555555555555556,
             "#d8576b"
            ],
            [
             0.6666666666666666,
             "#ed7953"
            ],
            [
             0.7777777777777778,
             "#fb9f3a"
            ],
            [
             0.8888888888888888,
             "#fdca26"
            ],
            [
             1,
             "#f0f921"
            ]
           ],
           "sequentialminus": [
            [
             0,
             "#0d0887"
            ],
            [
             0.1111111111111111,
             "#46039f"
            ],
            [
             0.2222222222222222,
